1.819259912599416040e+01 1.768461620000000067e+01
1.746693570245595239e+01 1.786924349999999961e+01
1.730273611177296900e+01 1.702267820000000142e+01
1.610083086122365259e+01 1.519366430000000001e+01
1.364662940133900904e+01 1.338073429999999853e+01
1.171482593644948267e+01 1.107136700000000040e+01
1.023010093797536157e+01 1.059782780000000102e+01
9.681194611681416262e+00 1.068173300000000125e+01
1.008462650407643579e+01 1.085866129999999963e+01
1.120822245706410669e+01 1.164601649999999822e+01
1.309654790986867212e+01 1.320323209999999925e+01
1.510028863777013086e+01 1.437631090000000000e+01
1.595386809934468531e+01 1.548759590000000053e+01
1.657176048387379907e+01 1.648076929999999862e+01
1.724223239053578638e+01 1.731580050000000170e+01
1.788632804979176782e+01 1.813298749999999870e+01
1.858190257181020044e+01 1.862098070000000050e+01
1.908174211610646509e+01 1.842815020000000104e+01
1.891143161882252954e+01 1.836561049999999895e+01
1.879455144037099146e+01 1.887786519999999868e+01
1.942451746095509790e+01 1.933206510000000122e+01
1.988741905320973657e+01 1.910461830000000205e+01
1.940595609773488306e+01 1.810120639999999881e+01
1.814653713334889673e+01 1.753076469999999887e+01
1.711682040323109888e+01 1.740595420000000004e+01
1.639214093316884302e+01 1.626737119999999948e+01
1.480403709862919115e+01 1.430708989999999936e+01
1.274184281457753443e+01 1.273737659999999927e+01
1.147779733766408228e+01 1.090921789999999980e+01
1.053955776323170923e+01 1.054683419999999927e+01
1.025337011445851587e+01 1.071880389999999927e+01
1.078324920762868189e+01 1.105504490000000040e+01
1.195521075357289575e+01 1.179884299999999975e+01
1.355636281598897241e+01 1.344901780000000002e+01
1.526892069805951380e+01 1.484120850000000047e+01
1.627440411676259302e+01 1.589851679999999945e+01
1.696473652948231958e+01 1.722088820000000098e+01
1.795912820924611353e+01 1.844060239999999951e+01
1.900687486757130884e+01 1.931416439999999923e+01
1.985490448106618189e+01 2.016255830000000060e+01
2.064808923829884790e+01 2.096368000000000009e+01
2.140030891527028345e+01 2.153969080000000247e+01
2.200181562532277368e+01 2.208132939999999778e+01
2.244726450075001978e+01 2.252522200000000296e+01
2.242826492418141626e+01 2.268052450000000064e+01
2.211078483690114282e+01 2.207652540000000130e+01
2.153218347658009790e+01 2.137748249999999928e+01
2.070946962465138697e+01 2.132696910000000301e+01
2.008264619935841822e+01 2.011347320000000138e+01
1.849028737176747583e+01 1.797109129999999766e+01
1.579863239158482813e+01 1.590414649999999952e+01
1.375655228723378443e+01 1.354682810000000082e+01
1.272077948678822779e+01 1.291056790000000021e+01
1.250789649118275904e+01 1.291541370000000200e+01
1.300225312341542505e+01 1.310127780000000008e+01
1.410592693914265894e+01 1.388983379999999812e+01
1.585169417489857935e+01 1.556957030000000053e+01
1.761067659486623072e+01 1.736330859999999987e+01
1.890268642534108423e+01 1.858430020000000127e+01
1.974306947816701197e+01 1.990676419999999780e+01
2.065243036378712915e+01 2.144704580000000149e+01
2.168897945512624048e+01 2.251699029999999624e+01
2.248889762986989282e+01 2.311674749999999889e+01
2.299597818483205103e+01 2.362247720000000228e+01
2.336433202852101587e+01 2.403965160000000267e+01
2.368142492402882837e+01 2.456279689999999860e+01
2.394090635408253931e+01 2.501496490000000250e+01
2.403931314576955103e+01 2.503796089999999808e+01
2.379859144319386743e+01 2.440176539999999861e+01
2.328840047944875025e+01 2.375900229999999880e+01
2.282285339464040064e+01 2.371726539999999872e+01
2.210892135728688501e+01 2.244068839999999909e+01
2.067488653291554712e+01 2.026984570000000119e+01
1.886291200746388697e+01 1.817500100000000174e+01
1.646398634542317652e+01 1.468257999999999974e+01
1.395808608163686060e+01 1.406082820000000133e+01
1.324809224237294458e+01 1.391052230000000023e+01
1.352628178228230738e+01 1.396853459999999991e+01
1.446910027493329309e+01 1.458097470000000051e+01
1.621993941892476343e+01 1.596951010000000082e+01
1.814933998216481470e+01 1.699285300000000021e+01
1.895527536500783228e+01 1.769753659999999940e+01
1.921483642686696314e+01 1.856330189999999902e+01
1.964326173890919947e+01 1.933710579999999979e+01
2.013873464692921900e+01 1.980696889999999755e+01
2.051318437684865259e+01 2.015315049999999886e+01
2.084744245637746118e+01 2.083650590000000236e+01
2.149363548387379907e+01 2.145004799999999889e+01
2.222387249101491236e+01 2.181628569999999812e+01
2.273445207704396509e+01 2.224067120000000131e+01
2.307372743715138697e+01 2.220712770000000091e+01
2.304080564607472681e+01 2.139772069999999715e+01
2.210227806199879907e+01 2.078357340000000164e+01
2.107926256288380884e+01 2.030111750000000015e+01
2.022280485261769556e+01 1.868905979999999900e+01
1.784138280977101587e+01 1.657759839999999940e+01
1.510174531568379663e+01 1.471829490000000007e+01
1.379743785489888452e+01 1.251217270000000070e+01
1.290168113340230249e+01 1.186351419999999912e+01
1.214343936075063013e+01 1.184270429999999941e+01
1.208381516565175318e+01 1.191946070000000013e+01
1.286831493009419702e+01 1.262135939999999934e+01
1.437425766218991541e+01 1.436515879999999967e+01
1.615689034093709253e+01 1.585072010000000020e+01
1.731211335290761255e+01 1.727080009999999888e+01
1.836774999727101587e+01 1.848025080000000031e+01
1.933819467653126978e+01 1.932408909999999835e+01
2.007463628877492212e+01 1.952222210000000047e+01
2.029281265367360376e+01 1.898431689999999961e+01
1.971181614030690454e+01 1.896194360000000145e+01
1.952802354921193384e+01 1.897255840000000049e+01
1.960959751237721704e+01 1.893564990000000137e+01
1.985863191713185572e+01 1.884073989999999910e+01
1.979789192308278345e+01 1.863605229999999935e+01
1.926698000062794947e+01 1.748511080000000106e+01
1.785628039468617700e+01 1.662899290000000008e+01
1.656528074373097681e+01 1.635415730000000067e+01
1.542186791528554224e+01 1.531976810000000100e+01
1.421910358299107813e+01 1.361399220000000021e+01
1.283768457998128198e+01 1.218405980000000000e+01
1.166060764421315454e+01 1.035343609999999970e+01
1.055098373521657251e+01 9.908126100000000491e+00
1.007960826982350611e+01 9.931253500000000400e+00
1.022511465181203150e+01 9.869356299999999749e+00
1.068368274797292017e+01 9.787751800000000557e+00
1.115637786020131372e+01 1.046302629999999922e+01
1.198792726625294947e+01 1.156570419999999899e+01
1.311137170423360132e+01 1.266416509999999995e+01
1.406753594507069849e+01 1.349944510000000086e+01
1.467522183884473108e+01 1.403579769999999982e+01
1.499613798488469385e+01 1.433057850000000144e+01
1.509883735407681726e+01 1.439906879999999845e+01
1.498374451030583643e+01 1.449039870000000185e+01
1.488522381041736864e+01 1.458653059999999968e+01
1.489622926045747064e+01 1.466676830000000109e+01
1.499627792168946527e+01 1.484948200000000007e+01
1.523784823049397730e+01 1.492995029999999979e+01
1.538869590391011499e+01 1.458343770000000106e+01
1.503765244115681909e+01 1.412786330000000135e+01
1.437886709798665308e+01 1.434407639999999873e+01
1.409911478389592432e+01 1.370070759999999943e+01
1.307311601270528101e+01 1.257729270000000099e+01
1.142003757585377954e+01 1.143503419999999871e+01
1.035525686372609400e+01 9.788460799999999296e+00
9.472222157610371340e+00 9.358200699999999372e+00
9.132629700792744387e+00 9.388596599999999626e+00
9.393714257372334231e+00 9.217766100000000407e+00
9.913669415605976809e+00 9.094187399999999144e+00
1.039221937288136743e+01 9.770001999999999853e+00
1.110240394700856470e+01 1.093251500000000043e+01
1.213055355180592798e+01 1.216489580000000004e+01
1.318415410150380396e+01 1.326636379999999882e+01
1.406154168475957178e+01 1.423734070000000074e+01
1.484615901191325449e+01 1.483919149999999831e+01
1.543376792301030420e+01 1.511824080000000059e+01
1.571232790578694605e+01 1.525782590000000027e+01
1.574604136575551294e+01 1.559076020000000007e+01
1.590724427331776880e+01 1.589642929999999943e+01
1.614950818647237085e+01 1.593188159999999876e+01
1.618317324746938013e+01 1.588311080000000075e+01
1.608125133146138452e+01 1.531194340000000054e+01
1.550877613653035425e+01 1.532063590000000097e+01
1.522930354703755640e+01 1.580749679999999913e+01
1.538608116735310816e+01 1.516089780000000076e+01
1.428669703830571436e+01 1.373990780000000100e+01
1.226590401758046411e+01 1.233294909999999867e+01
1.081204444993825220e+01 1.094332269999999951e+01
9.822949715746357668e+00 1.079200899999999841e+01
9.655560799730732668e+00 1.108420360000000038e+01
1.038010866273732447e+01 1.145685330000000057e+01
1.168177730668874048e+01 1.237834999999999930e+01
1.329212898839803003e+01 1.445057240000000043e+01
1.524752561081738733e+01 1.636072949999999793e+01
1.686217290986867212e+01 1.791388650000000027e+01
1.832078320611806177e+01 1.903481449999999953e+01
1.948610622514577173e+01 1.998398059999999887e+01
2.042495329011769556e+01 2.043764450000000110e+01
2.098015815843434595e+01 2.069439110000000070e+01
2.133671695817799829e+01 2.084277219999999886e+01
2.159886962999196314e+01 2.103761790000000076e+01
2.176281864274831079e+01 2.122843729999999951e+01
2.166947252382130884e+01 2.139589769999999902e+01
2.145280248750539087e+01 2.112360819999999961e+01
2.105712825883717798e+01 2.011875099999999961e+01
2.001166183580251001e+01 1.907224019999999953e+01
1.838931185830922388e+01 1.854560999999999993e+01
1.692716128457875513e+01 1.699853099999999984e+01
1.492109292079301142e+01 1.490047760000000032e+01
1.338478190530629419e+01 1.296421600000000041e+01
1.252971083749623560e+01 1.077060209999999962e+01
1.144899232019276880e+01 1.027556810000000098e+01
1.070138008226247095e+01 1.030294280000000029e+01
1.074892170060963892e+01 1.045688939999999967e+01
1.149998004068227075e+01 1.107140169999999912e+01
1.278432495225758814e+01 1.262547059999999988e+01
1.436599824656338953e+01 1.385380679999999920e+01
1.532414100397916101e+01 1.485695549999999976e+01
1.602878434289784693e+01 1.579731040000000064e+01
1.677107066739888452e+01 1.661634469999999908e+01
1.747470600236745142e+01 1.695090139999999934e+01
1.770060021509022974e+01 1.702901539999999869e+01
1.755374843705983423e+01 1.708349439999999930e+01
1.740160686601491236e+01 1.731944409999999834e+01
1.758686215509267114e+01 1.774670419999999993e+01
1.816178781617970728e+01 1.827628379999999808e+01
1.880787641633839868e+01 1.841192930000000061e+01
1.872058112253041529e+01 1.772932739999999896e+01
1.775391728509755396e+01 1.692747830000000064e+01
1.654739303220601343e+01 1.673251039999999890e+01
1.573861552108617090e+01 1.544646429999999881e+01
1.402015424598546289e+01 1.357572110000000087e+01
1.195967037309499048e+01 1.192317830000000001e+01
1.063752205003590845e+01 1.005220839999999960e+01
9.799918004167988528e+00 9.642486299999999844e+00
9.573715516222431887e+00 9.758721599999999441e+00
9.939342328203633059e+00 1.003802849999999935e+01
1.083722645868153833e+01 1.062632360000000098e+01
1.220184499849171900e+01 1.215260999999999925e+01
1.396797091592641138e+01 1.336446090000000098e+01
1.492780933607907556e+01 1.435647669999999998e+01
1.550575239290089868e+01 1.543815760000000026e+01
1.626158923734517359e+01 1.606323719999999966e+01
1.682432634462209009e+01 1.655846269999999976e+01
1.720808465112538599e+01 1.700949590000000100e+01
1.752686841119618677e+01 1.739524949999999848e+01
1.782800776590199732e+01 1.784991429999999824e+01
1.826078207124562525e+01 1.848815100000000200e+01
1.891256792177052759e+01 1.907744299999999882e+01
1.936783201326222681e+01 1.924273319999999998e+01
1.923004657853932642e+01 1.873844330000000014e+01
1.856620676149220728e+01 1.810331120000000027e+01
1.768786460985036157e+01 1.803700540000000174e+01
1.714574391473622583e+01 1.692460080000000033e+01
1.537487197746129297e+01 1.501797100000000107e+01
1.309390563596577906e+01 1.326582879999999953e+01
1.153315002549977564e+01 1.124334139999999849e+01
1.043812543977589868e+01 1.073499689999999873e+01
1.010759718049855493e+01 1.078633050000000004e+01
1.062409097780080103e+01 1.101120159999999970e+01
1.172830016244740747e+01 1.164477919999999855e+01
1.329694921602101587e+01 1.345766879999999865e+01
1.529593537081570886e+01 1.506079710000000027e+01
1.651102490056844019e+01 1.649357870000000048e+01
1.752792150606007837e+01 1.788087240000000122e+01
1.863918168176503443e+01 1.904919540000000211e+01
1.965995008577199243e+01 1.989641250000000028e+01
2.044721204866261743e+01 2.077363560000000220e+01
2.122474844087453150e+01 2.135485430000000306e+01
2.181912452806325220e+01 2.170141100000000023e+01
2.224450046647877954e+01 2.207071569999999738e+01
2.262198907960744165e+01 2.248956559999999882e+01
2.266713935960622095e+01 2.240002060000000128e+01
2.224983389009328150e+01 2.200188990000000189e+01
2.167680437196584009e+01 2.191182859999999977e+01
2.116846305955739282e+01 2.218340419999999824e+01
2.073996288408131861e+01 2.109625899999999987e+01
1.955516559709401392e+01 1.910955429999999922e+01
1.711546713937611841e+01 1.709818860000000029e+01
1.479641124871166014e+01 1.460793810000000015e+01
1.320781607259602808e+01 1.387068760000000012e+01
1.299594397176594995e+01 1.371708409999999922e+01
1.363321406473012232e+01 1.368977709999999881e+01
1.457212243307919763e+01 1.427670520000000032e+01
1.608477074731679224e+01 1.616291760000000011e+01
1.826088459123463892e+01 1.806336149999999918e+01
1.969922811616750025e+01 1.981837370000000220e+01
2.078244812120290064e+01 2.141153040000000018e+01
2.176317722429127954e+01 2.261675870000000188e+01
2.251651365388722681e+01 2.331054529999999758e+01
2.299393255342335962e+01 2.363782430000000190e+01
2.329806596864552759e+01 2.395989750000000029e+01
2.354802972902150415e+01 2.428431259999999625e+01
2.380973894227834009e+01 2.466420319999999933e+01
2.403275472749562525e+01 2.495833500000000171e+01
2.415764696229787134e+01 2.483883160000000245e+01
2.411412794221730493e+01 2.403129170000000059e+01
2.353543550599904322e+01 2.313198590000000010e+01
2.274365646470876001e+01 2.284397309999999948e+01
2.202766115297169947e+01 2.157067620000000119e+01
2.046060068239064478e+01 1.962368000000000023e+01
1.830777151216359400e+01 1.768003799999999970e+01
1.597865242589803003e+01 1.504493019999999959e+01
1.404049063552708887e+01 1.409386179999999911e+01
1.350364882577748560e+01 1.379115080000000049e+01
1.370288664926381372e+01 1.346696639999999867e+01
1.418347365487904810e+01 1.326996120000000090e+01
1.474023287822098993e+01 1.442913159999999984e+01
1.626271683801503443e+01 1.620407649999999933e+01
1.789726478685231470e+01 1.812986420000000010e+01
1.935130054582448267e+01 1.977419420000000017e+01
2.059043962587209009e+01 2.094191870000000222e+01
2.150085050691457056e+01 2.169224890000000272e+01
2.212909061540456079e+01 2.205019250000000142e+01
2.251861316789479517e+01 2.218666209999999950e+01
2.276267463792653345e+01 2.246763789999999972e+01
2.306771356691212915e+01 2.273013290000000097e+01
2.335513479341359400e+01 2.298178299999999652e+01
2.355678922761769556e+01 2.289395970000000347e+01
2.354744703401417993e+01 2.197992930000000200e+01
2.282185585130543970e+01 2.108264459999999829e+01
2.156457836259694361e+01 2.089400529999999989e+01
2.089619524110646509e+01 1.982308879999999718e+01
1.939904672731251978e+01 1.832920449999999946e+01
1.667523748506398462e+01 1.665513909999999953e+01
1.485964289386363291e+01 1.409882389999999930e+01
1.367041976083607935e+01 1.329701340000000087e+01
1.325069875348897241e+01 1.301813779999999987e+01
1.331702727903218531e+01 1.264434399999999847e+01
1.353578669656605982e+01 1.237439870000000042e+01
1.378472060788960718e+01 1.308271860000000153e+01
1.469970471490712427e+01 1.444565500000000036e+01
1.598889727224202417e+01 1.532660629999999813e+01
1.672664160360188745e+01 1.606613989999999959e+01
1.720136339296193384e+01 1.679992379999999841e+01
1.765431172479481958e+01 1.768731179999999981e+01
1.830728346933217310e+01 1.849271139999999747e+01
1.903810054887624048e+01 1.863514749999999864e+01
1.927064163316579126e+01 1.844029669999999754e+01
1.909028608430714868e+01 1.839177109999999971e+01
1.913894779313893579e+01 1.860977450000000033e+01
1.956515247453542017e+01 1.901622809999999930e+01
1.991734296907277368e+01 1.855000120000000052e+01
1.916258222688527368e+01 1.836814880000000016e+01
1.854047639001698755e+01 1.870904909999999788e+01
1.842126781572194361e+01 1.776039559999999895e+01
1.718922907937855982e+01 1.607817580000000035e+01
1.504140629698128961e+01 1.441033780000000064e+01
1.335527844060750269e+01 1.258580840000000123e+01
1.216038400758595728e+01 1.222954860000000110e+01
1.169520313371510767e+01 1.245885360000000119e+01
1.242780763734669947e+01 1.269575610000000054e+01
1.380830318559499048e+01 1.358442360000000093e+01
1.552203542817921900e+01 1.487287399999999948e+01
1.672792930234761499e+01 1.616485090000000113e+01
1.748835451234669947e+01 1.689327310000000182e+01
1.777916748155446314e+01 1.767215189999999936e+01
1.818092901338429712e+01 1.838487560000000087e+01
1.872147829164357447e+01 1.895800300000000149e+01
1.930360061754079126e+01 1.997632229999999964e+01
2.029626876939626001e+01 2.082063790000000125e+01
2.121885807145924829e+01 2.154728680000000196e+01
2.204754430879445337e+01 2.220134170000000040e+01
2.266389686693043970e+01 2.272627710000000079e+01
2.278496248353810572e+01 2.277719720000000336e+01
2.242877609361501001e+01 2.205322229999999806e+01
2.179276210893483423e+01 2.127352139999999991e+01
2.081054908861012720e+01 2.110609450000000109e+01
1.993773157228322290e+01 1.972985870000000119e+01
1.827279574502797388e+01 1.752308449999999951e+01
1.567621786226125025e+01 1.532131889999999963e+01
1.374815363515706323e+01 1.265148549999999972e+01
1.275000698198170923e+01 1.193907519999999955e+01
1.210479719270558618e+01 1.183687379999999933e+01
1.196015841592641138e+01 1.191064429999999952e+01
1.264377052415700220e+01 1.241022030000000065e+01
1.405635369647832178e+01 1.407351350000000068e+01
1.593402583230824732e+01 1.550491699999999895e+01
1.707413227189870142e+01 1.675514700000000090e+01
1.795986969102711939e+01 1.804796710000000104e+01
1.894400245775075220e+01 1.901858089999999990e+01
1.977385217775197290e+01 1.970274580000000242e+01
2.040130645860524439e+01 2.013115889999999908e+01
2.083022243608327173e+01 2.041935979999999873e+01
2.114790994752736353e+01 2.083767960000000130e+01
2.158005983461232447e+01 2.135574799999999840e+01
2.211918432344289087e+01 2.182454990000000095e+01
2.237879163850636743e+01 2.188798999999999850e+01
2.211978752244801782e+01 2.142926650000000066e+01
2.151333362687917017e+01 2.088294750000000022e+01
2.076274950136037134e+01 2.078643810000000158e+01
2.006792242158742212e+01 1.934174080000000018e+01
1.789019662965626978e+01 1.719177290000000013e+01
1.521723762978406214e+01 1.513896810000000137e+01
1.346751136411519312e+01 1.256054449999999889e+01
1.252071196664662622e+01 1.185172340000000091e+01
1.194408900369496607e+01 1.178638330000000067e+01
1.189995772470326685e+01 1.189423290000000044e+01
1.266922576059193872e+01 1.247829850000000107e+01
1.417232228149266504e+01 1.417827300000000079e+01
1.604999179471822046e+01 1.579651199999999989e+01
1.730527193178029322e+01 1.731565699999999808e+01
1.842419988740773462e+01 1.881636179999999925e+01
1.960211689103932642e+01 2.017873240000000123e+01
2.070649225343556665e+01 2.106990359999999995e+01
2.152492553819508814e+01 2.188968729999999852e+01
2.221359712709279322e+01 2.260069290000000208e+01
2.277692777742238306e+01 2.322475700000000032e+01
2.320701391328664087e+01 2.375484709999999922e+01
2.354627592195363306e+01 2.360463560000000172e+01
2.354662973512501978e+01 2.268346520000000055e+01
2.294770795930714868e+01 2.169242939999999820e+01
2.202566225160451197e+01 2.101906209999999930e+01
2.107461244691701197e+01 2.084957749999999876e+01
2.013316042054982447e+01 1.956715450000000089e+01
1.799373919595570825e+01 1.762789889999999815e+01
1.551413906444402002e+01 1.572073840000000011e+01
1.380318898786397241e+01 1.335660209999999992e+01
1.295043487180562281e+01 1.281083030000000100e+01
1.272928769220204614e+01 1.280622669999999985e+01
1.309453434575886988e+01 1.302135689999999890e+01
1.412107998956532739e+01 1.358131610000000045e+01
1.551961655248494409e+01 1.508380669999999846e+01
1.703149063218922876e+01 1.673179989999999862e+01
1.824113566507191919e+01 1.792030340000000166e+01
1.908933813203664087e+01 1.913705170000000066e+01
1.998953325380177759e+01 2.020389009999999885e+01
2.082710678209157251e+01 2.085787389999999775e+01
2.144865877260060572e+01 2.111616229999999916e+01
2.179684431184621118e+01 2.138586680000000229e+01
2.211607153047414087e+01 2.182486790000000099e+01
2.257421285737843775e+01 2.218225319999999812e+01
2.295776159395070337e+01 2.216979509999999820e+01
2.298668939699025415e+01 2.180837660000000255e+01
2.244473011125417017e+01 2.118760890000000074e+01
2.154863817323537134e+01 2.097672120000000007e+01
2.098494560350270532e+01 2.109447569999999672e+01
2.033913595308156275e+01 1.966345349999999925e+01
1.825926644433827661e+01 1.726007379999999714e+01
1.549115461934895777e+01 1.535616240000000055e+01
1.382075829137654566e+01 1.300899889999999814e+01
1.300968856443257593e+01 1.238772930000000017e+01
1.254193050493092798e+01 1.224027030000000060e+01
1.251157004464955591e+01 1.224183669999999857e+01
1.314911753763051294e+01 1.259826159999999895e+01
1.428163606752248072e+01 1.393012699999999882e+01
1.575208110441060327e+01 1.525977860000000064e+01
1.678837949861378931e+01 1.634615690000000043e+01
1.756082827676625513e+01 1.702800099999999972e+01
1.802124912370534204e+01 1.786523409999999856e+01
1.859058053125233911e+01 1.867148219999999981e+01
1.926194841493459009e+01 1.893284020000000112e+01
1.956550676454396509e+01 1.900709679999999935e+01
1.965044576753468775e+01 1.933120669999999919e+01
2.001843149293751978e+01 1.964952860000000001e+01
2.053852970231862329e+01 1.973180929999999833e+01
2.066846592058034204e+01 1.936179379999999739e+01
2.001954300035329126e+01 1.857615459999999885e+01
1.888270027269215845e+01 1.807463819999999899e+01
1.801990015138478540e+01 1.813561100000000081e+01
1.753411323655934595e+01 1.702019789999999944e+01
1.592818123926015161e+01 1.537484229999999918e+01
1.410980642665715479e+01 1.371533139999999840e+01
1.287939591039510034e+01 1.160820520000000045e+01
1.168368227113576197e+01 1.099468010000000007e+01
1.089523512948842310e+01 1.089677040000000119e+01
1.092102009881825708e+01 1.081392600000000037e+01
1.144816190828175806e+01 1.077372080000000132e+01
1.208014185060353540e+01 1.127794699999999928e+01
1.289835590947957300e+01 1.224549649999999978e+01
1.383241129745335840e+01 1.323302010000000095e+01
1.460356310833783411e+01 1.408016049999999986e+01
1.520250103701443933e+01 1.476717730000000017e+01
1.567862201560826563e+01 1.539970830000000035e+01
1.611515004266591333e+01 1.568503759999999936e+01
1.625038559068532251e+01 1.597385580000000083e+01
1.636180669893117212e+01 1.626491779999999920e+01
1.658210749257893823e+01 1.653425749999999894e+01
1.690943796266408228e+01 1.683680010000000138e+01
1.733930952180714868e+01 1.677733819999999909e+01
1.731410367120595239e+01 1.608512520000000023e+01
1.643625969518513941e+01 1.560772229999999894e+01
1.553143710721822046e+01 1.575531110000000190e+01
1.520600182641835474e+01 1.510368330000000014e+01
1.433587641347737573e+01 1.397375429999999952e+01
1.280243212808461450e+01 1.278344799999999992e+01
1.154508478273244165e+01 1.107661850000000037e+01
1.048509723771901392e+01 1.060458199999999884e+01
1.005233890642018579e+01 1.050837459999999979e+01
1.019955093492360376e+01 1.040225670000000058e+01
1.067340643037648462e+01 1.027951110000000057e+01
1.119734723199696802e+01 1.066790919999999865e+01
1.188573796380849146e+01 1.155764659999999999e+01
1.278386122812123560e+01 1.263973030000000008e+01
1.372471363176198267e+01 1.352333520000000000e+01
1.442731473673672937e+01 1.424385590000000157e+01
1.496335224140973352e+01 1.462397789999999986e+01
1.522453720201344751e+01 1.473013279999999980e+01
1.518370444406361841e+01 1.464391159999999914e+01
1.493880493272633814e+01 1.460190760000000054e+01
1.477745263729782366e+01 1.471354669999999842e+01
1.490155797530503534e+01 1.535040570000000137e+01
1.563882625926823877e+01 1.555201969999999889e+01
1.608532197107167505e+01 1.482075269999999989e+01
1.546716839898915552e+01 1.464540889999999962e+01
1.484874083553047441e+01 1.497609939999999895e+01
1.472342068780751489e+01 1.427712439999999994e+01
1.380324596990437769e+01 1.315301389999999948e+01
1.219575674165578150e+01 1.204251819999999995e+01
